"mY"	"RF.NH4"	"RF.NO3"	"TF.NH4"	"TF.NO3"	"SF.NH4"	"SF.NO3"
"1"	"201110"	40.150115447323	543.469040561647	47.9595392716189	95.6212750195242	2.81959272038412	4.24540945671061
"2"	"201111"	56.2468563999672	645.623819577052	190.422152143583	242.743645759323	6.88743646947713	3.59032639418716
"3"	"201112"	5.9034756539818	77.3317905656555	81.2870360236029	26.4603445753941	4.35303042981549	0.268675463191543
"4"	"201201"	6.61619171318785	93.6643958756945	33.0535232861226	16.5370528935683	3.83690202011042	0.391725496671297
"5"	"201202"	9.57925972472974	102.271781663357	13.3944424672864	11.8873074705162	1.55447388208649	0.299699043404095
"6"	"201203"	14.9600287718241	169.628290068225	6.41610120459726	22.0143456077893	0.783523394015025	2.21066966324783
"7"	"201204"	20.0940422079292	309.181021929056	16.902843028402	40.3386228104129	2.83819843693145	3.67272571164928
"8"	"201205"	47.2041164951236	869.774862106041	59.0520092176896	29.6164561088047	10.0852976660252	0.796764747865622
"9"	"201206"	50.9275814111511	944.585488161681	74.1812551214496	5.13232128840796	3.11733057129855	1.03101121187491
"10"	"201207"	37.6945154228713	645.725828625134	30.04655829904	9.33994333548604	6.72520213892882	0.353204147170655
"11"	"201208"	44.0402363542559	801.13695565166	43.8363843721671	13.3236664190453	8.96978196167907	0.944631705569014
"12"	"201209"	8.81599693393484	107.259550189481	89.6847598163759	3.74125659389366	13.6976589943173	0.713630698584801
"13"	"201210"	4.55996088467842	213.256739859541	102.586867533136	10.6919601846245	3.4711924622954	0.309649733189412
"14"	"201211"	8.76157857459518	103.657876542125	38.8538477837318	9.03245590755283	4.96482474070019	0.371996236125004
"15"	"201212"	18.9056223129883	278.875151331706	31.4758447336921	61.0957815830423	2.60136997438943	0.603679128599311
"16"	"201301"	13.9562401137242	206.548070500579	27.0327246337115	45.850885730442	1.07824392938815	0.438687252550209
"17"	"201302"	14.9719021640461	139.504223667934	41.2584659747645	42.121085181769	0.851089108537245	0.12113036491859
"18"	"201303"	47.2113098679775	458.033623682852	100.058002628628	154.462268418031	1.63477866826632	1.25931673903663
"19"	"201304"	37.4603095291726	291.561365685935	92.5387905454978	65.0070469693467	1.61900292925224	5.37330093476189
"20"	"201305"	12.5662494231611	127.6775981272	42.6932989848513	44.7127187477666	4.01471318596477	0.974024002806676
"21"	"201306"	15.1305091832821	182.40904514943	80.2884334895067	42.7570344388136	14.8276481088132	0.859465881046298
"22"	"201307"	19.724109314679	143.710717574774	165.353423227185	29.2497161999678	25.6806489583351	0.454021585079014
"23"	"201308"	26.8277731878658	131.336600089119	139.585914786744	51.3388792497266	13.2344709941504	0.406976062338759
"24"	"201309"	42.487958046342	214.48591041609	127.928390748186	151.199834706406	3.97126201838727	0.857559088946949
"25"	"201310"	16.473009790236	21.448591041609	40.2441214872458	17.557281258241	4.97667757449831	0.130536659786518
"26"	"201311"	8.1133013597121	22.1362948605226	25.9627715638098	13.4892844183871	2.64639719567589	0.21619371982637
"27"	"201312"	4.44535156309365	40.3661847456589	24.1025607251654	22.5345963587333	0.948557904758119	0.356322492016564
"28"	"201401"	10.2871177306957	100.577720153578	34.3876979991141	42.9511904934614	1.11569757671777	0.749486649475427
"29"	"201402"	26.6673411432596	270.162021935972	61.3107887820349	99.186496146201	1.5414210293963	1.84677438098256
"30"	"201403"	10.8817556629662	180.709026749374	43.1140674033066	59.2871950678899	2.15676634051702	1.4511554167025
"31"	"201404"	34.5291276561156	723.541637352966	180.096100249618	252.299515017852	2.35808905925452	6.22475667741041
"32"	"201405"	49.3330253318798	355.401694473101	155.357249279176	102.692736125656	15.4133485064195	2.74513292526127
"33"	"201406"	22.381076758286	132.357719952125	162.482270767435	15.2960194677156	26.5975509714625	0.379811505440267
"34"	"201407"	27.3872183478858	94.2305137976396	88.1332118586365	17.1829614118181	5.5356425944512	0.552626038118594
"35"	"201408"	39.4820220246167	134.637238684203	27.8503731668902	29.3855903685538	6.5253881227645	1.12363119338636
"36"	"201409"	15.2168700739611	113.226345027369	41.9769606810051	21.6232560223372	6.60540762851272	0.948121018204298
"37"	"201410"	11.3788944430826	82.573656123949	3.68124040992182	3.45573786436577	5.31704102293947	0.491051903716619
"38"	"201411"	26.9549853027626	347.799516615795	67.3544075540393	103.579587476971	2.80585868598023	1.15391656365106
"39"	"201412"	7.70892367184407	102.92851594298	40.1581081429654	21.84272108879	2.59451357974313	0.325419004505511
"40"	"201501"	0.76789731969209	9.53697211500082	18.0770677437526	6.77877697952356	1.53327182405003	0.241854911499598
"41"	"201502"	11.6146004139891	111.874438873392	31.4966569789499	32.5320760655975	2.10448681306364	0.449082520854706
"42"	"201503"	22.413221601942	159.54878051272	58.6167180221196	38.4709897436702	2.2285175345581	1.14184832611594
"43"	"201504"	19.3107818266847	138.246193390979	72.2241541931681	40.6928771644829	2.50898929365445	1.31457231910902
"44"	"201505"	67.8969020913103	197.639043708435	28.5587017582462	40.4204130428813	3.29274154650317	1.7368182756127
"45"	"201506"	65.0791909730102	27.563776029099	6.1161483162588	1.44399405055728	2.34518114774102	0.1112798164698
"46"	"201507"	17.955331234677	109.98004152559	3.82675063951136	2.22835943508857	2.06936440728466	0.552303104440659
"47"	"201508"	45.8940115812179	252.954095508857	13.5300045281275	8.69384997989303	6.15815943025812	1.68041418193957
"48"	"201509"	14.8942879808197	24.296945408715	18.9694004696737	61.6044828206385	4.82392658099436	1.51105909025083
"49"	"201510"	18.1066260460754	231.995243083672	29.8160738499819	172.644617160697	4.78539147648237	1.48620381824118
"50"	"201511"	24.5619679051591	270.216675579878	54.2673381660786	29.2323232307033	5.81447468589664	1.10508808803299
"51"	"201512"	0.358919372925061	20.0460866102496	50.6984077026083	17.2088673572149	1.96111590089009	0.186313173485775
